Pore diameter(um)	Cumulative distribution
2.233639284	4.09937E-05
2.814209152	0.116504058
3.221465298	0.210461589
3.54568135	0.272198081
3.81946945	0.327621546
4.058791941	0.370377962
4.272798238	0.407559236
4.467278569	0.439206362
4.646156942	0.46941871
4.812229959	0.494834795
4.967569298	0.516766418
5.113757403	0.537181274
5.252033529	0.555382471
5.383388442	0.573501681
5.508628173	0.590104124
5.628418304	0.605722719
5.743315572	0.619209642
5.853790932	0.631097811
5.960246749	0.643641879
6.063029823	0.654259244
6.162441423	0.664466672
6.258745125	0.674059195
6.352173006	0.683200787
6.442930596	0.691727474
6.531200888	0.699598262
6.617147598	0.707428056
6.700917853	0.71402804
6.782644418	0.720628023
6.862447556	0.726900057
6.940436591	0.733336066
7.016711232	0.738952201
7.091362699	0.744363368
7.164474685	0.749528573
7.236124185	0.754160859
7.306382212	0.758793146
7.375314417	0.762933508
7.442981632	0.766704927
7.509440342	0.771132246
7.574743101	0.77551857
7.6389389	0.779576945
7.702073489	0.783102402
7.764189667	0.786832828
7.825327536	0.790604247
7.885524729	0.793842748
7.944816615	0.797040256
8.003236482	0.800278757
8.060815703	0.803230303
8.117583881	0.80597688
8.173568987	0.8090924
8.22879748	0.811675002
8.283294416	0.813929655
8.337083549	0.816512257
8.390187424	0.818397967
8.442627457	0.821226531
8.494424013	0.823809133
8.545596476	0.826514717
8.596163313	0.828646388
8.646142129	0.831310978
8.695549728	0.83389358
8.744402156	0.835533328
8.792714751	0.837460031
8.840502183	0.839345741
8.887778494	0.841067476
8.934557137	0.842912192
8.980851006	0.844879888
9.026672468	0.846437649
9.072033392	0.847995409
9.116945181	0.849594162
9.161418788	0.851151923
9.205464748	0.852832664
9.249093194	0.854472411
9.292313884	0.855989178
9.335136212	0.857341969
9.377569232	0.858735755
9.419621675	0.860293515
9.461301959	0.861728294
9.502618213	0.862876117
9.54357828	0.864515865
9.584189741	0.865827663
9.624459918	0.866934492
9.664395894	0.868000328
9.704004517	0.869271132
9.743292413	0.869968025
9.782265997	0.871115848
9.820931482	0.87214069
9.859294885	0.873165533
9.897362039	0.874231368
9.935138596	0.874928261
9.97263004	0.876445027
10.00984169	0.877551857
10.04677871	0.878289743
10.08344611	0.879847503
10.11984876	0.880954333
10.15599138	0.882225137
10.19187858	0.883086005
10.22751481	0.884069853
10.26290441	0.88480774
10.29805162	0.885627613
10.33296054	0.886693449
10.36763516	0.887759285
10.40207938	0.888538165
10.436297	0.889440026
10.47029169	0.890382881
10.50406706	0.890997786
10.53762661	0.891448717
10.57097375	0.891981635
10.60411181	0.892555546
10.63704405	0.893416414
10.66977362	0.893949332
10.70230362	0.894441256
10.73463706	0.89526113
10.76677688	0.895630073
10.79872596	0.896777896
10.83048711	0.897187833
10.86206305	0.897802738
10.89345647	0.898663606
10.92466998	0.899360498
10.95570614	0.900057391
10.98656745	0.900918259
11.01725635	0.90149217
11.04777522	0.902148069
11.0781264	0.902926949
11.10831218	0.903459867
11.13833479	0.903869804
11.16819642	0.904402722
11.19789921	0.904894646
11.22744526	0.905222596
11.25683661	0.905673526
11.28607528	0.906288432
11.31516323	0.906698368
11.34410239	0.907108305
11.37289465	0.907846192
11.40154186	0.908502091
11.43004584	0.90883004
11.45840835	0.909239977
11.48663114	0.909813889
11.51471593	0.910264819
11.54266438	0.910879725
11.57047813	0.911289661
11.59815881	0.911822579
11.62570798	0.912109535
11.65312721	0.912519472
11.680418	0.912929409
11.70758186	0.913339346
11.73462026	0.913913257
11.76153462	0.914487169
11.78832636	0.914856112
11.81499687	0.915143068
11.84154752	0.915634992
11.86797963	0.915880954
11.89429453	0.916331885
11.9204935	0.916700828
11.94657781	0.917233746
11.97254872	0.917397721
11.99840743	0.91772567
12.02415517	0.918094613
12.0497931	0.918545544
12.0753224	0.918750512
12.10074421	0.919119456
12.12605965	0.919365418
12.15126982	0.919734361
12.17637582	0.920103304
12.20137872	0.920677216
12.22627956	0.921046159
12.25107938	0.921333115
12.27577921	0.921702058
12.30038003	0.922071001
12.32488285	0.922357957
12.34928862	0.922849881
12.3735983	0.923300812
12.39781284	0.923669755
12.42193316	0.924161679
12.44596017	0.924694597
12.46989477	0.92506354
12.49373784	0.925227515
12.51749025	0.925432483
12.54115286	0.925637452
12.56472651	0.926088382
12.58821204	0.926785275
12.61161025	0.926990244
12.63492197	0.92740018
12.65814798	0.927646142
12.68128907	0.927810117
12.70434601	0.928056079
12.72731956	0.928384029
12.75021047	0.928670985
12.77301949	0.929039928
12.79574733	0.929408871
12.81839471	0.929736821
12.84096236	0.930105764
12.86345095	0.930228745
12.88586119	0.930515701
12.90819375	0.930720669
12.9304493	0.930966631
12.9526285	0.931212593
12.97473201	0.931581536
12.99676046	0.931909486
13.01871449	0.932319423
13.04059472	0.93272936
13.06240178	0.932934328
13.08413626	0.933098303
13.10579878	0.933303271
13.12738992	0.93350824
13.14891027	0.933631221
13.17036041	0.933795196
13.1917409	0.93395917
13.21305231	0.934246126
13.2342952	0.934451095
13.2554701	0.934697057
13.27657758	0.934984012
13.29761815	0.935270968
13.31859234	0.935393949
13.33950069	0.935598918
13.36034369	0.935803886
13.38112186	0.936090842
13.40183571	0.93629581
13.42248572	0.936664754
13.44307238	0.936951709
13.46359619	0.937197672
13.48405761	0.937443634
13.50445713	0.937607608
13.5247952	0.938017545
13.54507228	0.938140526
13.58544531	0.938591457
13.60554215	0.938755432
13.6255798	0.939083381
13.64555869	0.93928835
13.66547924	0.939411331
13.68534188	0.939657293
13.70514703	0.939780274
13.72489511	0.939944249
13.74458652	0.940190211
13.76422167	0.940600148
13.78380096	0.940723129
13.80332479	0.940928097
13.82279354	0.941174059
13.8422076	0.941543002
13.86156735	0.94162499
13.88087318	0.941788964
13.90012546	0.941829958
13.91932455	0.942034927
13.93847083	0.942116914
13.95756465	0.942321882
13.97660637	0.942526851
13.99559634	0.942772813
14.01453493	0.942936788
14.03342246	0.943018775
14.0522593	0.943141756
14.07104576	0.943469706
14.0897822	0.943510699
14.10846893	0.943797655
14.1271063	0.944002624
14.14569462	0.944166598
14.16423421	0.94441256
14.1827254	0.944658523
14.2011685	0.94474051
14.21956381	0.944945478
14.23791166	0.945027466
14.25621233	0.945232434
14.27446615	0.945396409
14.29267339	0.945601377
14.31083437	0.945724358
14.34701868	0.946011314
14.36504259	0.946134295
14.38302139	0.946339264
14.40095535	0.946462245
14.41884475	0.946667213
14.43668988	0.946749201
14.45449099	0.946872182
14.47224837	0.947036156
14.48996228	0.947118144
14.50763298	0.947200131
14.52526074	0.9474051
14.54284582	0.947528081
14.56038848	0.947774043
14.57788896	0.947938018
14.59534753	0.948101992
14.61276442	0.948224973
14.6301399	0.948593917
14.64747421	0.948716898
14.66476758	0.948798885
14.68202027	0.948921866
14.6992325	0.949044847
14.71640451	0.949249816
14.73353655	0.94941379
14.75062883	0.949659752
14.7676816	0.949823727
14.78469507	0.949946708
14.80166948	0.950110683
14.81860504	0.950233664
14.83550198	0.950438632
14.85236052	0.95052062
14.86918088	0.950725588
14.88596326	0.950766582
14.91941498	0.950848569
14.95271736	0.951012544
14.96931306	0.951217513
14.98587205	0.9512995
15.00239452	0.951422481
15.01888068	0.951463475
15.03533073	0.951627449
15.05174486	0.95175043
15.06812327	0.951873411
15.08446615	0.951914405
15.13328353	0.95207838
15.1494862	0.952160367
15.16565429	0.952242355
15.16565429	0.952283348
15.18178798	0.952324342
15.19788744	0.952570304
15.21395288	0.952652292
15.22998445	0.952816266
15.24598235	0.95285726
15.26194674	0.953062228
15.2778778	0.953185209
15.29377571	0.953349184
15.30964063	0.953472165
15.32547274	0.953595146
15.34127221	0.953677134
15.37277388	0.953759121
15.38847642	0.953841108
15.41978572	0.953923096
15.4353928	0.95396409
15.45096838	0.954128064
15.46651263	0.954292039
15.48202569	0.954538001
15.49750772	0.954701976
15.51295889	0.95474297
15.55912868	0.954824957
15.57445788	0.954865951
15.58975697	0.954906944
15.60502608	0.955070919
15.62026537	0.9551939
15.65065507	0.955398869
15.66580576	0.955480856
15.68092721	0.955562843
15.69601954	0.955603837
15.71108291	0.955767812
15.72611745	0.955808805
15.7411233	0.955890793
15.75610059	0.956013774
15.77104946	0.956095761
15.78597004	0.956136755
15.80086248	0.956218742
15.81572689	0.956259736
15.83056342	0.956382717
15.84537218	0.956505698
15.86015332	0.956587685
15.87490696	0.956628679
15.88963323	0.956669673
15.90433225	0.956874641
15.91900415	0.956956629
15.93364906	0.957120603
15.94826709	0.957161597
15.96285838	0.957243584
15.97742304	0.957284578
15.9919612	0.957366566
16.00647296	0.957489547
16.03541783	0.957612528
16.04985115	0.95785849
16.06425857	0.957940477
16.07864018	0.958022465
16.09299612	0.958227433
16.10732649	0.958268427
16.12163141	0.95830942
16.13591098	0.958350414
16.16439455	0.958432401
16.17859877	0.958555382
16.1927781	0.958719357
16.20693263	0.958760351
16.22106248	0.958883332
16.23516776	0.958965319
16.24924857	0.959047307
16.26330502	0.959129294
16.27733722	0.959211281
16.29134526	0.959293269
16.30532926	0.959375256
16.3192893	0.959539231
16.33322551	0.959580225
16.34713797	0.95986718
16.3610268	0.959949168
16.37489208	0.960031155
16.40255243	0.960113143
16.41634768	0.960154136
16.43011979	0.960277117
16.44386885	0.960400098
16.47129821	0.960482086
16.4849787	0.960605067
16.49863651	0.960728048
16.51227176	0.960851029
16.52588452	0.961015004
16.53947489	0.961055997
16.55304296	0.961096991
16.56658883	0.961178978
16.58011258	0.961219972
16.59361431	0.961260966
16.62055204	0.961342953
16.63398823	0.961465934
16.64740274	0.961588915
16.66079567	0.961711896
16.6741671	0.961834877
16.68751712	0.961875871
16.71415326	0.961998852
16.72743956	0.962121833
16.74070478	0.962203821
16.75394902	0.962326802
16.76717234	0.962367795
16.78037485	0.962408789
16.78037485	0.962449783
16.81985823	0.962490776
16.83297825	0.96253177
16.84607785	0.962572764
16.85915711	0.962613757
16.8722161	0.962654751
16.88525491	0.962695745
16.89827362	0.962777732
16.9112723	0.962900713
16.92425102	0.963105682
16.93720987	0.963187669
16.97596792	0.963474625
17.00170863	0.963597606
17.0145498	0.9636386
17.02737162	0.963802574
17.04017416	0.963925555
17.05295749	0.963966549
17.06572169	0.964007543
17.07846682	0.964048537
17.09119295	0.964171518
17.10390016	0.964212511
17.11658852	0.964294499
17.1292581	0.96441748
17.15454117	0.964458473
17.19232663	0.964499467
17.20488494	0.964581454
17.21742495	0.964622448
17.22994672	0.964663442
17.24245031	0.964786423
17.2549358	0.964827417
17.2549358	0.96486841
17.26740324	0.964909404
17.26740324	0.964950398
17.27985271	0.964991391
17.29228426	0.965032385
17.30469796	0.96519636
17.31709388	0.965237353
17.32947208	0.965278347
17.34183262	0.965319341
17.35417557	0.965401328
17.36650098	0.965524309
17.37880892	0.965565303
17.40337264	0.965729278
17.41562854	0.965770271
17.42786722	0.965811265
17.44008873	0.965852259
17.45229313	0.965893252
17.47665087	0.966016234
17.48880431	0.966057227
17.50094089	0.966139215
17.53725	0.966180208
17.54931969	0.966221202
17.5613728	0.966303189
17.57340938	0.966344183
17.5854295	0.96642617
17.59743321	0.966508158
17.60942057	0.966590145
17.62139163	0.966672132
17.63334644	0.966713126
17.64528507	0.96675412
17.65720756	0.966795114
17.66911398	0.966877101
17.68100437	0.966918095
17.69287878	0.967000082
17.70473729	0.967041076
17.71657992	0.967164057
17.72840675	0.967246044
17.74021782	0.967287038
17.75201318	0.967328031
17.76379288	0.967369025
17.77555699	0.967451013
17.78730554	0.967573994
17.7990386	0.967614987
17.8107562	0.967696975
17.83414527	0.967819956
17.84581684	0.967860949
17.85747315	0.967901943
17.88074025	0.967942937
17.88074025	0.96798393
17.89235112	0.968106912
17.91552777	0.968229893
17.92709364	0.968270886
17.9386446	0.96831188
17.95018071	0.968352874
17.98470038	0.968393867
17.99617753	0.968475855
18.00764007	0.968516848
18.01908803	0.968598836
18.03052147	0.968680823
18.05334494	0.968721817
18.06473506	0.968803804
18.07611084	0.968844798
18.11015256	0.968967779
18.12147141	0.969008773
18.14406678	0.96909076
18.1553434	0.969254735
18.16660602	0.969295728
18.18908947	0.969336722
18.20031038	0.969377716
18.21151747	0.969459703
18.24505625	0.969541691
18.25620849	0.969582684
18.27847218	0.969623678
18.31176637	0.969664672
18.32283758	0.969787653
18.33389542	0.970033615
18.35597117	0.970115602
18.36698916	0.970156596
18.39996408	0.970238583
18.4109295	0.970361564
18.42188187	0.970402558
18.43282123	0.970443552
18.44374762	0.970484545
18.45466108	0.97064852
18.46556165	0.970730508
18.47644937	0.970853489
18.48732427	0.970894482
18.48732427	0.970935476
18.49818639	0.97097647
18.49818639	0.971017463
18.50903577	0.971058457
18.51987244	0.971099451
18.53069645	0.971222432
18.54150783	0.971304419
18.55230661	0.971345413
18.57386654	0.971386406
18.60611291	0.9714274
18.62754854	0.971468394
18.63824788	0.971550381
18.64893495	0.971591375
18.65960979	0.971673362
18.67027242	0.971714356
18.69156124	0.971837337
18.70218748	0.971878331
18.71280166	0.971919324
18.74457219	0.972001312
18.75513846	0.972042305
18.76569285	0.972083299
18.77623538	0.972124293
18.80779213	0.972247274
18.81828756	0.972288268
18.82877128	0.972329261
18.83924335	0.972370255
18.84970379	0.972452242
18.8705899	0.972493236
18.88101564	0.97253423
18.89142989	0.972575223
18.91222399	0.972616217
18.92260392	0.972657211
18.93297247	0.972739198
18.94332968	0.972780192
18.96401019	0.972821186
18.97433355	0.972862179
18.99494664	0.972903173
19.02578264	0.97298516
19.03603913	0.973026154
19.05651902	0.973067148
19.06674247	0.973108141
19.07695498	0.973190129
19.09734725	0.97331311
19.10752707	0.973354103
19.11769606	0.973395097
19.12785425	0.973477085
19.13800165	0.973559072
19.15826424	0.973600066
19.16837948	0.973682053
19.17848406	0.97376404
19.188578	0.973805034
19.21879628	0.973887021
19.22884796	0.974010002
19.24891984	0.974050996
19.2789494	0.97409199
19.29891726	0.974255965
19.30888571	0.974296958
19.31884388	0.974337952
19.34865695	0.974460933
19.38826537	0.974501927
19.40800903	0.974624908
19.41786582	0.974665901
19.42771261	0.974706895
19.4473763	0.974747889
19.46700031	0.974911864
19.47679749	0.974993851
19.50613006	0.975034845
19.515888	0.975075838
19.5256362	0.975116832
19.53537468	0.975157826
19.56453199	0.975198819
19.57423181	0.975239813
19.58392203	0.975280807
19.61293529	0.975362794
19.62258733	0.975485775
19.63222988	0.975526769
19.66110084	0.97564975
19.68988727	0.975690744
19.69946407	0.975772731
19.70903156	0.975895712
19.71858977	0.975936706
19.71858977	0.975977699
19.75673027	0.976018693
19.77574542	0.976059687
19.7852393	0.97610068
19.80419977	0.976141674
19.81366641	0.976223662
19.82312401	0.976264655
19.83257259	0.976346643
19.84201218	0.976387636
19.86086446	0.976469624
19.87027719	0.976551611
19.89846202	0.976592605
19.90783924	0.976674592
19.91720764	0.976715586
19.94526008	0.976838567
19.98254103	0.976879561
20.01968338	0.976920554
20.02894747	0.977043535
20.04744997	0.977084529
20.05668843	0.977166516
20.07513985	0.97720751
20.10275356	0.977248504
20.11194129	0.977289497
20.14860854	0.977371485
20.16689222	0.977453472
20.20336046	0.97753546
20.22154531	0.977576453
20.23062549	0.977658441
20.24876142	0.977699434
20.26686493	0.977740428
20.31198277	0.977781422
20.32098232	0.977822415
20.3299739	0.977904403
20.37481299	0.978027384
20.38375715	0.978109371
20.39269348	0.978150365
20.40162198	0.978232352
20.41054267	0.978273346
20.4283607	0.97831434
20.43725807	0.978355333
20.44614771	0.978396327
20.46390381	0.978478314
20.47277032	0.978519308
20.52580883	0.978560302
20.54342755	0.978642289
20.5522256	0.978683283
20.56101611	0.978724276
20.56979912	0.97876527
20.59610324	0.978806264
20.61360206	0.978847258
20.63107122	0.978888251
20.63979472	0.979011232
20.66592107	0.979052226
20.67461519	0.979134213
20.68330201	0.979216201
20.70065378	0.979298188
20.70931877	0.979380175
20.76977167	0.979421169
20.77837912	0.979503157
20.79557265	0.97954415
20.8127378	0.979626138
20.82130977	0.979667131
20.85552727	0.979708125
20.86406412	0.979749119
20.87259399	0.979790112
20.8811169	0.979831106
20.90664396	0.9798721
20.92362743	0.979954087
20.93210884	0.980036074
20.95751191	0.980077068
20.96596593	0.980159056
20.98285355	0.980200049
21.00813412	0.980241043
21.02495409	0.980282037
21.03335399	0.98032303
21.04174719	0.980364024
21.0501337	0.980405018
21.05851353	0.980487005
21.08361309	0.980527999
21.09196635	0.980568992
21.13363371	0.980609986
21.15855547	0.98065098
21.16684969	0.980732967
21.17513742	0.980773961
21.18341866	0.980896942
21.19169344	0.980937936
21.19996175	0.980978929
21.22472809	0.981019923
21.2740881	0.981060917
21.28229253	0.98110191
21.29868244	0.981142904
21.32322012	0.981183898
21.38025613	0.981224891
21.39649636	0.981265885
21.42890307	0.981306879
21.43698945	0.981347872
21.45314393	0.981388866
21.46927412	0.981470853
21.46927412	0.981511847
21.47733013	0.981552841
21.53355377	0.981634828
21.55755998	0.981675822
21.56555018	0.981716816
21.58151284	0.981757809
21.61336752	0.981798803
21.62131654	0.98188079
21.64512858	0.981921784
21.68469928	0.981962778
21.73985682	0.982003771
21.78691294	0.982167746
21.79473589	0.98220874
21.79473589	0.982290727
21.80255323	0.982331721
21.81036496	0.982372715
21.82597167	0.982413708
21.83376666	0.982495696
21.84933996	0.982577683
21.87265838	0.982618677
21.88042015	0.98265967
21.91914664	0.982700664
21.92687553	0.982741658
21.93459898	0.982782651
21.95773676	0.982864639
21.96543853	0.982905633
21.9731349	0.982946626
22.01920031	0.98298762
22.02685916	0.983069607
22.04980382	0.983110601
22.07270083	0.983151595
22.08032262	0.983192588
22.09555043	0.983274576
22.12594325	0.983315569
22.16381724	0.983356563
22.18647965	0.983397557
22.19402351	0.98343855
22.21662436	0.983520538
22.26168863	0.983561532
22.28415251	0.983643519
22.30657119	0.983684513
22.31403408	0.983725506
22.33639284	0.9837665
22.38097658	0.983807494
22.38838995	0.983848487
22.4253834	0.983930475
22.43276745	0.983971468
22.44752101	0.984012462
22.46961504	0.984053456
22.48432029	0.984094449
22.4916657	0.984135443
22.49900633	0.984176437
22.51367322	0.984217431
22.54294981	0.984258424
22.58672264	0.984299418
22.59400163	0.984340412
22.62307082	0.984381405
22.64482379	0.984422399
22.70983321	0.984463393
22.71703354	0.984504386
22.73860718	0.984586374
22.7457893	0.984627367
22.76013996	0.984668361
22.78878712	0.984709355
22.79593766	0.984750348
22.80308373	0.984832336
22.83874704	0.98487333
22.87429932	0.984914323
22.89557775	0.984955317
22.90266177	0.984996311
22.9168167	0.985078298
22.93801636	0.985119292
22.94507421	0.985283266
23.03643381	0.985365254
23.06439916	0.985406247
23.09926076	0.985570222
23.12707447	0.985611216
23.13401745	0.98565221
23.14789093	0.985693203
23.1894119	0.985775191
23.24454295	0.985816184
23.30625442	0.985857178
23.31992378	0.985898172
23.34039782	0.985939165
23.34721453	0.985980159
23.35402725	0.986021153
23.3676408	0.98610314
23.44899094	0.986185127
23.50963515	0.986226121
23.52306923	0.986267115
23.52978052	0.986308109
23.54319163	0.986349102
23.54989146	0.986390096
23.58333355	0.986472083
23.62999374	0.986513077
23.64993468	0.986554071
23.66320997	0.986595064
23.69633321	0.986636058
23.70955661	0.986718045
23.71616279	0.986759039
23.73595926	0.986841026
23.77545344	0.98688202
23.80826531	0.986923014
23.82136478	0.986964008
23.86057697	0.987005001
23.91266025	0.987045995
23.91915473	0.987086989
23.93861702	0.987127982
23.95804773	0.987168976
23.96451763	0.98720997
23.97098404	0.987250963
23.99036237	0.987291957
24.00970945	0.987332951
24.01615155	0.987373944
24.06756439	0.987414938
24.08038334	0.987455932
24.13790039	0.987496925
24.18879754	0.987537919
24.20782886	0.987578913
24.23948139	0.987619907
24.24580199	0.9876609
24.25211929	0.987701894
24.32139344	0.987742888
24.33394642	0.987783881
24.40899376	0.987824875
24.45255912	0.987865869
24.48977768	0.987906862
24.50215877	0.987947856
24.50834462	0.988070837
24.55155841	0.988111831
24.5884781	0.988152824
24.60689645	0.988193818
24.61302977	0.988234812
24.64976569	0.988316799
24.6741956	0.988357793
24.72898674	0.988398787
24.73505968	0.98843978
24.88592374	0.988480774
24.9039049	0.988521768
24.94576028	0.988562761
24.96365538	0.988603755
24.99342366	0.988644749
25.01125065	0.988685742
25.02905226	0.988726736
25.05866545	0.98876773
25.08230572	0.988808723
25.12356928	0.988849717
25.15883048	0.988890711
25.16469774	0.988931705
25.18228314	0.988972698
25.26402542	0.989013692
25.26984394	0.989054686
25.3336716	0.989136673
25.35680211	0.989177667
25.52325034	0.98921866
25.55741806	0.989259654
25.5631038	0.989300648
25.58582152	0.989341641
25.60283338	0.989382635
25.63113633	0.989423629
25.64808815	0.989464622
25.65373378	0.989505616
25.69880961	0.98954661
25.71567235	0.989587604
25.72128836	0.989669591
25.76053188	0.989710585
25.76612835	0.989751578
25.89418165	0.989792572
25.89972051	0.989833566
25.92737936	0.989874559
25.93290405	0.989915553
25.97701709	0.989956547
26.01000381	0.98999754
26.02646585	0.990038534
26.05385638	0.990079528
26.07026309	0.990120521
26.09756182	0.990161515
26.11391368	0.990202509
26.173696	0.990243503
26.20618976	0.990284496
26.21700313	0.99032549
26.26016765	0.990366484
26.32464959	0.990407477
26.3834818	0.990448471
26.39415041	0.990489465
26.39948149	0.990530458
26.40481041	0.990612446
26.41013718	0.990653439
26.49507489	0.990694433
26.50565388	0.99077642
26.53734029	0.990817414
26.59523629	0.990858408
26.60048708	0.990899401
26.64765116	0.990940395
26.71548374	0.990981389
26.74667523	0.991022383
26.85012501	0.991063376
26.98342932	0.99110437
27.04959039	0.991145364
27.05974033	0.991186357
27.10026415	0.991227351
27.11542938	0.991268345
27.13057767	0.991309338
27.21610018	0.991350332
27.27115312	0.991391326
27.28612905	0.991432319
27.29610387	0.991473313
27.5529305	0.9915553
27.59689802	0.991596294
27.62613204	0.991637288
27.63586298	0.991678282
27.72313471	0.991719275
27.92465989	0.991760269
28.03379731	0.991801263
28.05741069	0.991842256
28.07155967	0.99188325
28.09510965	0.991924244
28.14209152	0.991965237
28.26816529	0.992006231
28.40694103	0.992047225
28.49871018	0.992088218
28.51699324	0.992129212
28.55804463	0.992170206
28.58989208	0.992211199
28.59897833	0.992252193
28.60805882	0.992293187
28.68952502	0.992334181
28.69403737	0.992375174
28.6985483	0.992416168
28.72558416	0.992457162
28.78398791	0.992498155
28.7929521	0.992539149
28.81086374	0.992580143
28.87783484	0.992621136
28.91786885	0.99266213
28.92231024	0.992703124
28.94892996	0.992744117
29.010853	0.992785111
29.07690708	0.992826105
29.07690708	0.992867098
29.08569164	0.992908092
29.14703556	0.992949086
29.15577792	0.99299008
29.25159981	0.993031073
29.26027981	0.993072067
29.30360276	0.993113061
29.30792802	0.993154054
29.32089613	0.993195048
29.32953517	0.993236042
29.35542179	0.993277035
29.4456674	0.993318029
29.45851455	0.993359023
29.57363801	0.993400016
29.57788466	0.99344101
29.58637429	0.993482004
29.81377635	0.993604985
29.91373947	0.993645979
29.96347146	0.993686972
29.9717441	0.99376896
29.99653463	0.993809953
30.00066241	0.993850947
30.00478904	0.993891941
30.06655288	0.993932934
30.07476891	0.993973928
30.11987703	0.994055915
30.2137599	0.994096909
30.22596255	0.994137903
30.23002791	0.994178896
30.25033833	0.99421989
30.30706292	0.994260884
30.32727033	0.994301878
30.47997414	0.994342871
30.49196469	0.994383865
30.52787988	0.994424859
30.53186524	0.994465852
30.69437726	0.994506846
30.72195179	0.994588833
30.78871324	0.994629827
30.81611928	0.994670821
30.86298797	0.994711814
30.86688728	0.994752808
30.93690692	0.994793802
30.99888161	0.994834795
31.03363375	0.994875789
31.04905419	0.994916783
31.21005216	0.994957777
31.24053075	0.99499877
31.24814111	0.995039764
31.38072664	0.995080758
31.47474903	0.995121751
31.54583215	0.995162745
31.56448508	0.995203739
31.61659636	0.995244732
31.8892302	0.995285726
32.06361086	0.99532672
32.13930938	0.995367713
32.22896425	0.995408707
32.34655023	0.995449701
32.4385952	0.995490694
32.50904518	0.995531688
32.54415596	0.995572682
32.68036941	0.995613675
32.78783719	0.995654669
32.81545673	0.995695663
32.8774313	0.995736657
32.90490071	0.99577765
32.97679054	0.995818644
33.01432236	0.995859638
33.10947482	0.995900631
33.12640888	0.995941625
33.28810228	0.995982619
33.31489891	0.996023612
33.43163041	0.996064606
33.46483297	0.9961056
33.55085269	0.996146593
33.63971646	0.996187587
33.78678791	0.996228581
33.90029784	0.996269574
34.0515399	0.996310568
34.05474325	0.996351562
34.25535085	0.996392556
34.25851619	0.996433549
34.41290688	0.996474543
34.59698668	0.996515537
34.68984001	0.99655653
34.69292657	0.996597524
34.70526732	0.996638518
35.01097554	0.996679511
35.03217597	0.996720505
35.06241785	0.996761499
35.11973413	0.996802492
35.170859	0.996843486
35.2487637	0.99688448
35.48928583	0.996925473
35.62736639	0.996966467
35.64784022	0.997007461
35.80499658	0.997048455
35.88017486	0.997089448
35.94066659	0.997130442
36.24011466	0.997171436
36.25425107	0.997212429
36.3106868	0.997253423
36.37537176	0.997294417
36.6981564	0.99733541
36.83007632	0.997376404
37.02078209	0.997417398
37.09381758	0.997458391
37.25777326	0.997499385
37.51555635	0.997540379
37.64968251	0.997581372
37.72291584	0.997622366
38.10024756	0.99766336
38.47526912	0.997704354
38.5703876	0.997745347
39.09749849	0.997786341
39.25240879	0.997827335
39.61076719	0.997868328
39.7075981	0.997909322
39.72408308	0.997950316
40.07177982	0.997991309
40.52468417	0.998032303
40.72052388	0.998073297
40.9698985	0.99811429
41.03618222	0.998155284
41.35791902	0.998196278
41.37528536	0.998237271
41.67258751	0.998278265
41.94249246	0.998319259
41.94249246	0.998360253
42.16513694	0.998401246
42.24646455	0.99844224
43.0991277	0.998483234
43.26447379	0.998524227
43.92702719	0.998565221
44.5944711	0.998606215
44.6373917	0.998647208
45.02551419	0.998688202
45.26971774	0.998729196
45.37821358	0.998770189
45.54536393	0.998811183
45.90249254	0.998852177
46.16542926	0.99889317
46.28191254	0.998934164
46.96712569	0.998975158
47.54597779	0.999016152
48.99039189	0.999057145
49.25669945	0.999098139
50.44352149	0.999139133
50.82745117	0.999180126
52.42184341	0.99922112
52.8907458	0.999262114
53.30706989	0.999303107
53.48556053	0.999344101
53.93112237	0.999385095
55.77777305	0.999426088
56.55724157	0.999467082
58.31483305	0.999508076
58.83558676	0.999549069
59.63173152	0.999590063
59.67974589	0.999631057
62.49723327	0.999672051
67.36467154	0.999713044
67.75531334	0.999754038
69.65485878	0.999795032
72.57556191	0.999836025
88.56822212	0.999877019
98.35429642	0.999918013
116.1536482	0.999959006
623.6437683	1
